x -> FC(2, 4) -> ReLU(4, 4) -> FC(4, 1) -> y
[ 1.000  0.000 ]
(1, 2)
[ 1.098  -1.096  -2.004  -1.307 ]
(1, 4)
[ 1.098  0.000  0.000  0.000 ]
(1, 4)
[ 2.588 ]
(1, 1)
[ 0.268  0.388  -0.378  -0.606 ]
(1, 4)
[ 0.693  0.000  0.000  0.000 ]
(1, 4)
[ 1.098  -0.989 ]
[ -1.096  -0.952 ]
[ -2.004  -0.059 ]
[ -1.307  -0.356 ]
(4, 2)
[ 1.000  1.000 ]
(1, 2)
[ 0.109  -2.048  -2.063  -1.663 ]
(1, 4)
[ 0.109  0.000  0.000  0.000 ]
(1, 4)
[ 0.059 ]
(1, 1)
[ 0.268  0.388  -0.378  -0.606 ]
(1, 4)
[ 0.016  0.000  0.000  0.000 ]
(1, 4)
[ 1.098  -0.989 ]
[ -1.096  -0.952 ]
[ -2.004  -0.059 ]
[ -1.307  -0.356 ]
(4, 2)
[ 0.000  1.000 ]
(1, 2)
[ -0.989  -0.952  -0.059  -0.356 ]
(1, 4)
[ 0.000  0.000  0.000  0.000 ]
(1, 4)
[ 2.001 ]
(1, 1)
[ 0.268  0.388  -0.378  -0.606 ]
(1, 4)
[ 0.000  0.000  0.000  0.000 ]
(1, 4)
[ 1.098  -0.989 ]
[ -1.096  -0.952 ]
[ -2.004  -0.059 ]
[ -1.307  -0.356 ]
(4, 2)
[ 0.000  0.000 ]
(1, 2)
[ 0.000  0.000  0.000  0.000 ]
(1, 4)
[ 0.000  0.000  0.000  0.000 ]
(1, 4)
Epoch 1 | val risk = 0.000
Summary | test risk = nan
